ID=5348024557671927 nb_comp=1
0 5270
1 0
2 0
3 0
4 0
5 0
6 0
7 0
8 0
9 0
10 0
11 0
12 0
13 0
14 0
15 0
16 15118
17 0
18 0
19 0
20 0
21 0
22 0
23 0
24 0
25 0
26 0
27 0
28 0
29 0
30 0
31 0
32 0
33 0
34 0
35 0
36 0
37 0
38 0
39 0
40 0
41 0
42 0
43 0
44 0
45 0
46 0
47 0
48 0
49 0
50 0
51 0
52 0
53 0
54 0
55 0
56 0
57 0
58 0
59 0
60 0
61 0
62 0
63 0
-1 -1
ID=5348024557671924 nb_comp=1
0 5263
1 0
2 0
3 0
4 0
5 0
6 0
7 0
8 0
9 0
10 0
11 0
12 0
13 0
14 0
15 0
16 11121
17 0
18 0
19 0
20 0
21 0
22 0
23 0
24 0
25 0
26 0
27 0
28 0
29 0
30 0
31 0
32 0
33 0
34 0
35 0
36 0
37 0
38 0
39 0
40 0
41 0
42 0
43 0
44 0
45 0
46 0
47 0
48 0
49 0
50 0
51 0
52 0
53 0
54 0
55 0
56 0
57 0
58 0
59 0
60 0
61 0
62 0
63 0
-1 -1
ID=5629499534382557 nb_comp=1
0 3881
1 0
2 0
3 0
4 0
5 0
6 0
7 0
8 0
9 0
10 0
11 0
12 0
13 0
14 0
15 0
16 0
17 0
18 0
19 0
20 0
21 0
22 0
23 0
24 0
25 0
26 0
27 0
28 0
29 0
30 0
31 0
32 11473
33 0
34 0
35 0
36 0
37 0
38 0
39 0
40 0
41 0
42 0
43 0
44 0
45 0
46 0
47 0
48 0
49 0
50 0
51 0
52 0
53 0
54 0
55 0
56 0
57 0
58 0
59 0
60 0
61 0
62 0
63 0
-1 -1
ID=5348024557671878 nb_comp=1
0 4019
1 0
2 0
3 0
4 0
5 0
6 0
7 0
8 0
9 0
10 0
11 0
12 0
13 0
14 0
15 0
16 0
17 0
18 0
19 0
20 0
21 0
22 0
23 0
24 0
25 0
26 0
27 0
28 0
29 0
30 0
31 0
32 11335
33 0
34 0
35 0
36 0
37 0
38 0
39 0
40 0
41 0
42 0
43 0
44 0
45 0
46 0
47 0
48 0
49 0
50 0
51 0
52 0
53 0
54 0
55 0
56 0
57 0
58 0
59 0
60 0
61 0
62 0
63 0
-1 -1
ID=5629499534382412 nb_comp=1
0 3111
1 0
2 0
3 0
4 0
5 0
6 0
7 0
8 0
9 0
10 0
11 0
12 0
13 0
14 0
15 0
16 0
17 0
18 0
19 0
20 0
21 0
22 0
23 0
24 0
25 0
26 0
27 0
28 0
29 0
30 0
31 0
32 12243
33 0
34 0
35 0
36 0
37 0
38 0
39 0
40 0
41 0
42 0
43 0
44 0
45 0
46 0
47 0
48 0
49 0
50 0
51 0
52 0
53 0
54 0
55 0
56 0
57 0
58 0
59 0
60 0
61 0
62 0
63 0
-1 -1
ID=6192449487803672 nb_comp=1
0 3583
1 0
2 0
3 0
4 0
5 0
6 0
7 0
8 0
9 0
10 0
11 0
12 0
13 0
14 0
15 0
16 12801
17 0
18 0
19 0
20 0
21 0
22 0
23 0
24 0
25 0
26 0
27 0
28 0
29 0
30 0
31 0
32 0
33 0
34 0
35 0
36 0
37 0
38 0
39 0
40 0
41 0
42 0
43 0
44 0
45 0
46 0
47 0
48 0
49 0
50 0
51 0
52 0
53 0
54 0
55 0
56 0
57 0
58 0
59 0
60 0
61 0
62 0
63 0
-1 -1
ID=9288674231613204 nb_comp=1
0 5037
1 0
2 0
3 0
4 0
5 0
6 0
7 0
8 0
9 0
10 0
11 0
12 0
13 0
14 0
15 0
16 11347
17 0
18 0
19 0
20 0
21 0
22 0
23 0
24 0
25 0
26 0
27 0
28 0
29 0
30 0
31 0
32 0
33 0
34 0
35 0
36 0
37 0
38 0
39 0
40 0
41 0
42 0
43 0
44 0
45 0
46 0
47 0
48 0
49 0
50 0
51 0
52 0
53 0
54 0
55 0
56 0
57 0
58 0
59 0
60 0
61 0
62 0
63 0
-1 -1
ID=9288674231613198 nb_comp=1
0 20780
1 0
2 0
3 0
4 0
5 0
6 0
7 0
8 0
9 0
10 0
11 0
12 0
13 0
14 0
15 0
16 0
17 0
18 0
19 0
20 0
21 0
22 0
23 0
24 0
25 0
26 0
27 0
28 0
29 0
30 0
31 0
32 0
33 0
34 0
35 0
36 0
37 0
38 0
39 0
40 0
41 0
42 0
43 0
44 0
45 0
46 0
47 0
48 0
49 0
50 0
51 0
52 0
53 0
54 0
55 0
56 0
57 0
58 0
59 0
60 0
61 0
62 0
63 0
-1 -1
ID=32932572275308296 nb_comp=1
0 19297
1 0
2 0
3 0
4 0
5 0
6 0
7 0
8 0
9 0
10 0
11 0
12 0
13 0
14 0
15 0
16 0
17 0
18 0
19 0
20 0
21 0
22 0
23 0
24 0
25 0
26 0
27 0
28 0
29 0
30 0
31 0
32 0
33 0
34 0
35 0
36 0
37 0
38 0
39 0
40 0
41 0
42 0
43 0
44 0
45 0
46 0
47 0
48 0
49 0
50 0
51 0
52 0
53 0
54 0
55 0
56 0
57 0
58 0
59 0
60 0
61 0
62 0
63 0
-1 -1
ID=25332747904120574 nb_comp=1
0 18449
1 0
2 0
3 0
4 0
5 0
6 0
7 0
8 0
9 0
10 0
11 0
12 0
13 0
14 0
15 0
16 0
17 0
18 0
19 0
20 0
21 0
22 0
23 0
24 0
25 0
26 0
27 0
28 0
29 0
30 0
31 0
32 0
33 0
34 0
35 0
36 0
37 0
38 0
39 0
40 0
41 0
42 0
43 0
44 0
45 0
46 0
47 0
48 0
49 0
50 0
51 0
52 0
53 0
54 0
55 0
56 0
57 0
58 0
59 0
60 0
61 0
62 0
63 0
-1 -1
ID=1284651793707592622 nb_comp=1
0 986
1 0
2 0
3 0
4 0
5 0
6 0
7 0
8 0
9 0
10 0
11 0
12 0
13 0
14 0
15 0
16 0
17 0
18 0
19 0
20 0
21 0
22 0
23 0
24 0
25 0
26 0
27 0
28 0
29 0
30 0
31 0
32 0
33 0
34 0
35 0
36 0
37 0
38 0
39 0
40 0
41 0
42 0
43 0
44 0
45 0
46 0
47 0
48 19728
49 0
50 0
51 0
52 0
53 0
54 0
55 0
56 0
57 0
58 0
59 0
60 0
61 0
62 0
63 0
-1 -1
ID=14636698789111661 nb_comp=1
0 942
1 0
2 0
3 0
4 0
5 0
6 0
7 0
8 0
9 0
10 0
11 0
12 0
13 0
14 0
15 0
16 0
17 0
18 0
19 0
20 0
21 0
22 0
23 0
24 0
25 0
26 0
27 0
28 0
29 0
30 0
31 0
32 0
33 0
34 0
35 0
36 0
37 0
38 0
39 0
40 0
41 0
42 0
43 0
44 0
45 0
46 0
47 0
48 19772
49 0
50 0
51 0
52 0
53 0
54 0
55 0
56 0
57 0
58 0
59 0
60 0
61 0
62 0
63 0
-1 -1
ID=8725724278183886 nb_comp=1
0 994
1 0
2 0
3 0
4 0
5 0
6 0
7 0
8 0
9 0
10 0
11 0
12 0
13 0
14 0
15 0
16 0
17 0
18 0
19 0
20 0
21 0
22 0
23 0
24 0
25 0
26 0
27 0
28 0
29 0
30 0
31 0
32 0
33 0
34 0
35 0
36 0
37 0
38 0
39 0
40 0
41 0
42 0
43 0
44 0
45 0
46 0
47 0
48 19720
49 0
50 0
51 0
52 0
53 0
54 0
55 0
56 0
57 0
58 0
59 0
60 0
61 0
62 0
63 0
-1 -1
ID=5910974511094378 nb_comp=3
0 6132
1 580
2 4
3 0
4 124
5 1198
6 112
7 0
8 0
9 0
10 0
11 0
12 0
13 0
14 0
15 0
16 1608
17 87
18 0
19 0
20 1763
21 12155
22 249
23 0
24 0
25 27
26 104
27 40
28 0
29 0
30 0
31 41
32 318
33 3
34 0
35 0
36 646
37 4911
38 30
39 0
40 6
41 1603
42 3223
43 67
44 0
45 0
46 40
47 63
48 3
49 0
50 0
51 0
52 265
53 450
54 2
55 0
56 150
57 1782
58 546
59 4
60 0
61 16
62 459
63 1189
-1 -1
ID=5066549580962407 nb_comp=3
0 10232
1 5031
2 5
3 0
4 48
5 1916
6 577
7 0
8 0
9 0
10 0
11 0
12 0
13 0
14 0
15 0
16 1844
17 81
18 0
19 0
20 1262
21 3973
22 280
23 0
24 0
25 33
26 79
27 93
28 0
29 0
30 0
31 0
32 155
33 1
34 0
35 0
36 169
37 1646
38 58
39 0
40 18
41 968
42 1663
43 86
44 2
45 3
46 16
47 70
48 5
49 0
50 0
51 0
52 144
53 1274
54 17
55 0
56 76
57 1352
58 3754
59 8
60 1
61 80
62 720
63 2260
-1 -1
ID=5066549580962404 nb_comp=3
0 16529
1 1397
2 0
3 0
4 251
5 177
6 10
7 0
8 0
9 0
10 0
11 0
12 0
13 0
14 0
15 0
16 3985
17 124
18 0
19 0
20 974
21 2972
22 54
23 0
24 0
25 199
26 46
27 101
28 0
29 0
30 0
31 0
32 391
33 19
34 0
35 0
36 445
37 1734
38 31
39 0
40 25
41 303
42 881
43 209
44 0
45 0
46 2
47 253
48 3
49 0
50 0
51 0
52 103
53 1357
54 1
55 0
56 44
57 461
58 5065
59 12
60 1
61 61
62 107
63 1673
-1 -1
ID=5066549580962401 nb_comp=3
0 38
1 4
2 0
3 0
4 0
5 56
6 848
7 0
8 0
9 0
10 0
11 0
12 0
13 0
14 0
15 0
16 15
17 0
18 0
19 0
20 192
21 427
22 629
23 0
24 1
25 17
26 2311
27 993
28 0
29 0
30 0
31 1
32 49
33 0
34 0
35 0
36 370
37 20
38 2
39 0
40 372
41 4635
42 6837
43 7467
44 0
45 1
46 70
47 5368
48 36
49 0
50 0
51 0
52 26
53 3
54 0
55 0
56 2400
57 68
58 11
59 1
60 557
61 185
62 33
63 5957
-1 -1
ID=5348024557673054 nb_comp=3
0 34
1 0
2 0
3 0
4 2
5 8
6 4
7 0
8 0
9 0
10 12
11 0
12 0
13 0
14 0
15 0
16 43
17 0
18 0
19 0
20 179
21 736
22 1536
23 1
24 0
25 9
26 2836
27 2176
28 0
29 0
30 0
31 0
32 31
33 2
34 0
35 0
36 210
37 127
38 0
39 0
40 248
41 7402
42 11093
43 6002
44 0
45 0
46 86
47 3469
48 33
49 0
50 0
51 0
52 20
53 1
54 0
55 0
56 1778
57 78
58 15
59 0
60 684
61 134
62 25
63 986
-1 -1
ID=5066549580962395 nb_comp=3
0 32
1 2
2 0
3 0
4 36
5 4037
6 1448
7 0
8 0
9 214
10 508
11 0
12 0
13 0
14 0
15 0
16 108
17 106
18 0
19 0
20 29
21 254
22 11
23 0
24 1
25 331
26 10381
27 8584
28 0
29 0
30 0
31 0
32 501
33 791
34 0
35 0
36 55
37 25
38 28
39 0
40 1373
41 103
42 1734
43 7714
44 76
45 6
46 218
47 437
48 2
49 11
50 0
51 0
52 3
53 0
54 2
55 0
56 40
57 3
58 2
59 0
60 230
61 4
62 0
63 560
-1 -1
ID=5348024557673049 nb_comp=3
0 0
1 0
2 0
3 0
4 2
5 70
6 1181
7 0
8 0
9 0
10 3131
11 1
12 0
13 0
14 0
15 0
16 2
17 1
18 0
19 0
20 2
21 187
22 124
23 0
24 0
25 22
26 3071
27 1289
28 0
29 0
30 0
31 0
32 187
33 287
34 0
35 0
36 69
37 585
38 21
39 0
40 34
41 28
42 3380
43 4681
44 394
45 90
46 367
47 16485
48 20
49 55
50 0
51 0
52 7
53 39
54 10
55 0
56 93
57 10
58 29
59 59
60 1062
61 77
62 58
63 2790
-1 -1
ID=5066549580962391 nb_comp=3
0 1921
1 141
2 7
3 0
4 21
5 910
6 133
7 0
8 0
9 0
10 0
11 0
12 0
13 0
14 0
15 0
16 3365
17 170
18 0
19 0
20 680
21 4809
22 315
23 0
24 0
25 46
26 359
27 267
28 0
29 0
30 0
31 0
32 2260
33 18
34 0
35 0
36 2068
37 2958
38 235
39 0
40 31
41 362
42 4208
43 157
44 0
45 0
46 133
47 285
48 3484
49 6
50 0
51 0
52 4929
53 1276
54 4
55 0
56 42
57 340
58 430
59 17
60 9
61 44
62 132
63 3428
-1 -1
ID=5348024557673045 nb_comp=3
0 2533
1 293
2 12
3 0
4 8
5 190
6 90
7 153
8 0
9 0
10 2
11 127
12 0
13 0
14 0
15 0
16 2533
17 154
18 0
19 0
20 468
21 2118
22 2034
23 32
24 1
25 16
26 5061
27 325
28 0
29 0
30 0
31 0
32 5863
33 14
34 0
35 0
36 923
37 1130
38 104
39 0
40 14
41 324
42 1835
43 395
44 0
45 0
46 47
47 200
48 735
49 3
50 0
51 0
52 2248
53 1275
54 9
55 0
56 720
57 2202
58 856
59 16
60 26
61 45
62 436
63 4430
-1 -1
ID=5348024557673040 nb_comp=3
0 10719
1 76
2 0
3 0
4 1777
5 4493
6 0
7 0
8 0
9 0
10 0
11 0
12 0
13 0
14 0
15 0
16 1933
17 44
18 0
19 0
20 3382
21 12020
22 61
23 0
24 12
25 495
26 583
27 0
28 0
29 0
30 0
31 0
32 166
33 4
34 0
35 0
36 258
37 265
38 1
39 0
40 144
41 747
42 1734
43 3
44 1
45 39
46 74
47 18
48 38
49 0
50 0
51 0
52 3
53 8
54 0
55 0
56 110
57 110
58 29
59 1
60 28
61 327
62 278
63 19
-1 -1
ID=6755399441225687 nb_comp=3
0 7129
1 72
2 0
3 0
4 841
5 1064
6 32
7 0
8 0
9 1
10 11
11 0
12 0
13 0
14 0
15 4
16 2178
17 18
18 0
19 0
20 2300
21 17106
22 35
23 0
24 6
25 335
26 162
27 0
28 0
29 0
30 0
31 5
32 2108
33 21
34 0
35 0
36 554
37 920
38 3
39 0
40 25
41 467
42 1174
43 1
44 0
45 5
46 136
47 73
48 1106
49 1
50 0
51 0
52 193
53 220
54 0
55 0
56 59
57 145
58 295
59 3
60 73
61 108
62 261
63 750
-1 -1
ID=5910974511093449 nb_comp=3
0 5089
1 775
2 0
3 0
4 1439
5 4956
6 124
7 0
8 4
9 0
10 0
11 0
12 0
13 0
14 0
15 0
16 451
17 5
18 0
19 0
20 3518
21 11142
22 839
23 0
24 216
25 2562
26 2558
27 19
28 2
29 511
30 0
31 0
32 61
33 0
34 0
35 0
36 541
37 789
38 0
39 0
40 11
41 2068
42 770
43 64
44 0
45 452
46 56
47 150
48 0
49 0
50 0
51 0
52 82
53 77
54 0
55 0
56 14
57 463
58 51
59 0
60 0
61 29
62 55
63 57
-1 -1
ID=5348024557673042 nb_comp=3
0 73
1 0
2 0
3 0
4 1
5 0
6 0
7 0
8 0
9 0
10 0
11 0
12 0
13 0
14 0
15 0
16 119
17 0
18 0
19 0
20 144
21 71
22 0
23 0
24 0
25 1
26 0
27 0
28 0
29 0
30 0
31 0
32 1079
33 0
34 0
35 0
36 2015
37 7381
38 0
39 0
40 0
41 2843
42 0
43 0
44 0
45 0
46 0
47 0
48 198
49 0
50 0
51 0
52 6887
53 3905
54 0
55 0
56 0
57 14775
58 201
59 0
60 0
61 0
62 75
63 232
-1 -1
ID=18295873486345461 nb_comp=3
0 3579
1 19
2 0
3 0
4 459
5 38
6 0
7 0
8 156
9 163
10 0
11 0
12 0
13 21
14 0
15 0
16 5899
17 3
18 0
19 0
20 9643
21 1900
22 6495
23 0
24 58
25 96
26 2662
27 0
28 0
29 40
30 0
31 0
32 23
33 0
34 0
35 0
36 699
37 569
38 51
39 0
40 31
41 661
42 259
43 0
44 0
45 0
46 8
47 0
48 0
49 0
50 0
51 0
52 10
53 7
54 0
55 0
56 44
57 741
58 324
59 0
60 34
61 142
62 4186
63 980
-1 -1
ID=5629499534383694 nb_comp=3
0 1529
1 0
2 0
3 0
4 368
5 0
6 0
7 0
8 0
9 0
10 0
11 0
12 0
13 0
14 0
15 0
16 3638
17 0
18 0
19 0
20 9185
21 63
22 0
23 0
24 77
25 37
26 0
27 0
28 0
29 0
30 0
31 0
32 5074
33 0
34 0
35 0
36 5057
37 307
38 0
39 0
40 393
41 1293
42 3
43 0
44 0
45 1
46 1
47 0
48 9054
49 1
50 0
51 0
52 2798
53 456
54 0
55 0
56 9
57 493
58 19
59 0
60 0
61 59
62 84
63 1
-1 -1
ID=5348024557673035 nb_comp=3
0 5289
1 1
2 0
3 0
4 9590
5 19
6 0
7 0
8 45
9 7
10 0
11 0
12 0
13 0
14 0
15 0
16 16
17 19
18 0
19 0
20 4725
21 334
22 0
23 0
24 9150
25 2172
26 0
27 0
28 1
29 193
30 0
31 0
32 0
33 19
34 43
35 0
36 1
37 129
38 211
39 8
40 307
41 965
42 270
43 23
44 21
45 1172
46 579
47 1
48 0
49 0
50 57
51 0
52 0
53 0
54 346
55 347
56 0
57 5
58 143
59 1375
60 0
61 119
62 608
63 1690
-1 -1
ID=5066549580962377 nb_comp=3
0 7520
1 2
2 0
3 0
4 11593
5 465
6 0
7 0
8 35
9 12
10 0
11 0
12 0
13 0
14 0
15 0
16 65
17 56
18 0
19 0
20 3625
21 637
22 5
23 0
24 3332
25 1606
26 6
27 0
28 0
29 0
30 0
31 0
32 0
33 61
34 186
35 0
36 4
37 257
38 581
39 20
40 5
41 742
42 946
43 130
44 0
45 12
46 150
47 1
48 0
49 0
50 147
51 1
52 0
53 0
54 838
55 725
56 0
57 16
58 574
59 3911
60 0
61 0
62 165
63 1569
-1 -1
ID=783626335162636706 nb_comp=3
0 11832
1 102
2 0
3 0
4 409
5 75
6 0
7 0
8 0
9 0
10 0
11 0
12 0
13 0
14 0
15 0
16 1217
17 142
18 0
19 0
20 1097
21 10216
22 25
23 0
24 0
25 3325
26 162
27 0
28 0
29 0
30 0
31 0
32 1775
33 179
34 0
35 0
36 88
37 1276
38 12
39 0
40 0
41 1057
42 3032
43 45
44 0
45 0
46 519
47 271
48 1382
49 143
50 0
51 0
52 10
53 456
54 6
55 0
56 0
57 25
58 209
59 5
60 0
61 0
62 55
63 853
-1 -1
ID=5348024557672835 nb_comp=3
0 7964
1 83
2 0
3 0
4 6764
5 754
6 0
7 0
8 0
9 0
10 0
11 0
12 0
13 0
14 0
15 0
16 0
17 0
18 0
19 0
20 7992
21 3614
22 37
23 0
24 1463
25 4071
26 59
27 0
28 0
29 0
30 0
31 0
32 0
33 0
34 0
35 0
36 0
37 0
38 0
39 0
40 149
41 2548
42 348
43 7
44 11
45 1295
46 497
47 23
48 0
49 0
50 0
51 0
52 0
53 0
54 0
55 0
56 0
57 0
58 0
59 0
60 0
61 720
62 1441
63 160
-1 -1
ID=5348024557672833 nb_comp=3
0 7989
1 0
2 0
3 0
4 7
5 0
6 0
7 0
8 0
9 0
10 0
11 0
12 0
13 0
14 0
15 0
16 6324
17 1
18 0
19 0
20 5768
21 2235
22 0
23 0
24 0
25 165
26 0
27 0
28 0
29 0
30 0
31 0
32 20
33 0
34 0
35 0
36 6547
37 2896
38 0
39 0
40 0
41 5974
42 69
43 0
44 0
45 0
46 0
47 0
48 0
49 0
50 0
51 0
52 266
53 57
54 0
55 0
56 53
57 1625
58 4
59 0
60 0
61 0
62 0
63 0
-1 -1
ID=5348024557672831 nb_comp=3
0 7913
1 0
2 0
3 0
4 1
5 0
6 0
7 0
8 0
9 0
10 0
11 0
12 0
13 0
14 0
15 0
16 5321
17 0
18 0
19 0
20 1643
21 839
22 0
23 0
24 0
25 106
26 0
27 0
28 0
29 0
30 0
31 0
32 345
33 0
34 0
35 0
36 9421
37 2797
38 0
39 0
40 4
41 6586
42 13
43 0
44 0
45 0
46 0
47 0
48 0
49 0
50 0
51 0
52 1819
53 380
54 0
55 0
56 229
57 2574
58 8
59 0
60 0
61 1
62 0
63 0
-1 -1
ID=5348024557672829 nb_comp=3
0 9829
1 7132
2 0
3 0
4 0
5 4061
6 61
7 0
8 0
9 0
10 0
11 0
12 0
13 0
14 0
15 0
16 548
17 187
18 0
19 0
20 546
21 7948
22 2758
23 0
24 0
25 0
26 0
27 0
28 0
29 0
30 0
31 0
32 0
33 0
34 0
35 0
36 533
37 2937
38 313
39 0
40 2
41 437
42 397
43 0
44 0
45 0
46 0
47 0
48 0
49 0
50 0
51 0
52 0
53 7
54 0
55 0
56 0
57 687
58 1196
59 0
60 0
61 8
62 413
63 0
-1 -1
ID=7036874417936761 nb_comp=3
0 8287
1 263
2 0
3 0
4 0
5 0
6 0
7 0
8 0
9 0
10 0
11 0
12 0
13 0
14 0
15 0
16 2081
17 3198
18 49
19 0
20 3
21 2074
22 2981
23 0
24 0
25 0
26 0
27 0
28 0
29 0
30 0
31 0
32 1060
33 354
34 0
35 0
36 52
37 2398
38 8205
39 510
40 0
41 0
42 315
43 342
44 0
45 0
46 0
47 0
48 681
49 35
50 0
51 0
52 796
53 2338
54 485
55 0
56 0
57 1159
58 1686
59 544
60 0
61 0
62 101
63 3
-1 -1
ID=11258999068596595 nb_comp=3
0 493
1 272
2 0
3 0
4 3
5 2113
6 0
7 0
8 0
9 0
10 0
11 0
12 0
13 0
14 0
15 0
16 0
17 0
18 0
19 0
20 0
21 1685
22 421
23 0
24 0
25 51
26 3320
27 0
28 0
29 0
30 0
31 0
32 0
33 0
34 0
35 0
36 0
37 0
38 0
39 0
40 0
41 2
42 13312
43 213
44 0
45 0
46 3192
47 1930
48 0
49 0
50 0
51 0
52 0
53 0
54 0
55 0
56 0
57 0
58 761
59 0
60 0
61 0
62 8153
63 4079
-1 -1
ID=8162774324779367 nb_comp=3
0 5671
1 551
2 0
3 0
4 453
5 1677
6 39
7 0
8 0
9 0
10 0
11 0
12 0
13 0
14 0
15 0
16 16
17 0
18 0
19 0
20 963
21 5150
22 1444
23 0
24 0
25 107
26 3129
27 479
28 0
29 0
30 0
31 0
32 0
33 0
34 0
35 0
36 0
37 28
38 0
39 0
40 0
41 104
42 2978
43 4294
44 0
45 0
46 3
47 7973
48 0
49 0
50 0
51 0
52 0
53 0
54 0
55 0
56 0
57 0
58 0
59 0
60 0
61 0
62 0
63 4941
-1 -1
ID=6473924464515388 nb_comp=3
0 3295
1 925
2 0
3 0
4 2
5 943
6 0
7 0
8 0
9 0
10 0
11 0
12 0
13 0
14 0
15 0
16 651
17 17
18 0
19 0
20 934
21 6350
22 1874
23 0
24 0
25 13
26 1767
27 0
28 0
29 0
30 0
31 0
32 0
33 0
34 0
35 0
36 13
37 1123
38 7
39 0
40 0
41 1738
42 10311
43 1
44 0
45 0
46 38
47 0
48 0
49 0
50 0
51 0
52 0
53 0
54 0
55 0
56 0
57 57
58 1338
59 0
60 0
61 0
62 3745
63 4858
-1 -1
ID=5910974511094040 nb_comp=3
0 13575
1 733
2 0
3 0
4 256
5 2016
6 224
7 0
8 0
9 83
10 239
11 51
12 0
13 0
14 0
15 0
16 1290
17 28
18 0
19 0
20 1717
21 7121
22 336
23 0
24 1
25 417
26 996
27 11
28 0
29 0
30 0
31 15
32 74
33 0
34 0
35 0
36 62
37 1402
38 105
39 0
40 12
41 1276
42 3989
43 315
44 0
45 2
46 172
47 580
48 0
49 0
50 0
51 0
52 0
53 0
54 17
55 0
56 9
57 90
58 408
59 5
60 0
61 74
62 723
63 1576
-1 -1
ID=5348024557672704 nb_comp=3
0 15688
1 629
2 0
3 0
4 252
5 931
6 12
7 0
8 0
9 55
10 67
11 0
12 0
13 0
14 4
15 0
16 1225
17 29
18 0
19 0
20 1602
21 7811
22 421
23 0
24 0
25 176
26 1192
27 22
28 0
29 0
30 2
31 0
32 36
33 0
34 0
35 0
36 99
37 1577
38 124
39 0
40 12
41 891
42 3531
43 336
44 0
45 0
46 180
47 513
48 0
49 0
50 0
51 0
52 0
53 4
54 10
55 0
56 2
57 97
58 729
59 110
60 0
61 71
62 311
63 1249
-1 -1
ID=5348024557672700 nb_comp=3
0 6452
1 956
2 0
3 0
4 1
5 1114
6 2272
7 0
8 0
9 0
10 0
11 0
12 0
13 0
14 0
15 0
16 0
17 0
18 0
19 0
20 1
21 1891
22 2192
23 0
24 0
25 5
26 2599
27 169
28 0
29 0
30 0
31 0
32 0
33 0
34 0
35 0
36 0
37 4
38 1
39 0
40 0
41 1
42 6152
43 5024
44 0
45 0
46 1
47 3852
48 0
49 0
50 0
51 0
52 0
53 0
54 0
55 0
56 0
57 0
58 0
59 0
60 0
61 0
62 0
63 7313
-1 -1
ID=5348024557672694 nb_comp=3
0 2016
1 16974
2 32
3 0
4 11
5 59
6 0
7 0
8 0
9 0
10 0
11 0
12 0
13 0
14 0
15 0
16 281
17 21
18 0
19 0
20 215
21 8334
22 163
23 0
24 0
25 58
26 127
27 0
28 0
29 0
30 0
31 0
32 0
33 0
34 0
35 0
36 0
37 2980
38 40
39 0
40 0
41 1197
42 4361
43 31
44 0
45 0
46 64
47 88
48 0
49 0
50 0
51 0
52 0
53 0
54 0
55 0
56 0
57 0
58 135
59 2
60 0
61 0
62 232
63 2579
-1 -1
ID=5348024557672689 nb_comp=3
0 4383
1 6601
2 248
3 0
4 0
5 661
6 2674
7 265
8 0
9 0
10 0
11 0
12 0
13 0
14 0
15 0
16 43
17 22
18 1
19 0
20 27
21 951
22 6965
23 5245
24 0
25 0
26 163
27 3679
28 0
29 0
30 0
31 0
32 0
33 0
34 0
35 0
36 0
37 1
38 2
39 1
40 0
41 1
42 190
43 4586
44 0
45 0
46 0
47 443
48 0
49 0
50 0
51 0
52 0
53 0
54 0
55 0
56 0
57 0
58 0
59 0
60 0
61 0
62 0
63 2848
-1 -1
ID=6473924464515297 nb_comp=3
0 4415
1 0
2 0
3 0
4 296
5 1
6 0
7 0
8 0
9 0
10 0
11 0
12 0
13 0
14 0
15 0
16 114
17 0
18 0
19 0
20 3986
21 12778
22 0
23 0
24 0
25 451
26 2
27 0
28 0
29 0
30 0
31 0
32 0
33 0
34 0
35 0
36 0
37 1
38 0
39 0
40 0
41 755
42 11909
43 0
44 0
45 0
46 1215
47 96
48 0
49 0
50 0
51 0
52 0
53 0
54 0
55 0
56 0
57 0
58 0
59 0
60 0
61 0
62 373
63 3608
-1 -1
ID=6755399441225944 nb_comp=3
0 472
1 0
2 0
3 0
4 13
5 0
6 0
7 0
8 0
9 0
10 0
11 0
12 0
13 0
14 0
15 0
16 139
17 0
18 0
19 0
20 1195
21 2679
22 0
23 0
24 0
25 5
26 0
27 0
28 0
29 0
30 0
31 0
32 0
33 0
34 0
35 0
36 0
37 191
38 0
39 0
40 0
41 964
42 8013
43 0
44 0
45 0
46 5
47 0
48 0
49 0
50 0
51 0
52 0
53 0
54 0
55 0
56 0
57 0
58 1995
59 0
60 0
61 0
62 6150
63 18179
-1 -1
ID=6755399441225873 nb_comp=3
0 699
1 78
2 0
3 0
4 19
5 63
6 31
7 0
8 0
9 0
10 0
11 0
12 0
13 0
14 0
15 0
16 255
17 296
18 0
19 0
20 50
21 401
22 99
23 0
24 1
25 37
26 231
27 3808
28 0
29 0
30 0
31 21
32 2861
33 3740
34 0
35 0
36 325
37 802
38 28
39 0
40 1986
41 3207
42 680
43 119
44 0
45 309
46 3
47 56
48 2202
49 6088
50 0
51 0
52 2234
53 1588
54 11
55 0
56 2740
57 4092
58 188
59 0
60 0
61 381
62 60
63 211
-1 -1
ID=7036874417936406 nb_comp=3
0 3537
1 0
2 0
3 0
4 0
5 0
6 0
7 0
8 0
9 0
10 0
11 0
12 0
13 0
14 0
15 0
16 1610
17 0
18 0
19 0
20 5
21 0
22 0
23 0
24 0
25 0
26 0
27 0
28 0
29 0
30 0
31 0
32 9939
33 0
34 0
35 0
36 505
37 5
38 0
39 0
40 2
41 2
42 0
43 0
44 0
45 0
46 0
47 0
48 7686
49 0
50 0
51 0
52 11035
53 3
54 0
55 0
56 5181
57 130
58 0
59 0
60 0
61 47
62 90
63 223
-1 -1
ID=7599824371357704 nb_comp=3
0 11429
1 176
2 0
3 0
4 161
5 330
6 1
7 0
8 0
9 0
10 0
11 0
12 0
13 0
14 0
15 0
16 4336
17 15
18 0
19 0
20 2257
21 1496
22 39
23 0
24 0
25 173
26 247
27 35
28 0
29 0
30 0
31 0
32 133
33 0
34 0
35 0
36 9231
37 1988
38 0
39 0
40 0
41 1397
42 1129
43 9
44 0
45 0
46 74
47 114
48 0
49 0
50 0
51 0
52 51
53 89
54 0
55 0
56 1
57 1437
58 820
59 0
60 0
61 9
62 1672
63 1151
-1 -1
ID=6473924464515072 nb_comp=3
0 13812
1 1623
2 0
3 0
4 106
5 2323
6 0
7 0
8 0
9 0
10 0
11 0
12 0
13 0
14 0
15 0
16 2707
17 0
18 0
19 0
20 2137
21 1286
22 41
23 0
24 0
25 61
26 209
27 0
28 0
29 0
30 0
31 0
32 2
33 0
34 0
35 0
36 4813
37 2383
38 0
39 0
40 0
41 1918
42 1030
43 16
44 0
45 0
46 200
47 189
48 0
49 0
50 0
51 0
52 0
53 11
54 0
55 0
56 0
57 998
58 798
59 0
60 0
61 0
62 1078
63 2259
-1 -1
ID=8444249301489662 nb_comp=3
0 200
1 649
2 0
3 0
4 80
5 5425
6 779
7 0
8 0
9 0
10 0
11 0
12 0
13 0
14 0
15 0
16 0
17 0
18 0
19 0
20 0
21 1231
22 3440
23 0
24 0
25 88
26 5851
27 135
28 0
29 0
30 0
31 0
32 0
33 0
34 0
35 0
36 0
37 0
38 0
39 0
40 0
41 0
42 5545
43 5513
44 0
45 0
46 37
47 7951
48 0
49 0
50 0
51 0
52 0
53 0
54 0
55 0
56 0
57 0
58 0
59 0
60 0
61 0
62 0
63 3076
-1 -1
ID=8162774324778992 nb_comp=3
0 13190
1 0
2 0
3 0
4 31
5 0
6 0
7 0
8 0
9 0
10 0
11 0
12 0
13 0
14 0
15 0
16 1846
17 2
18 0
19 0
20 4914
21 6698
22 0
23 0
24 0
25 21
26 1
27 0
28 0
29 0
30 0
31 0
32 0
33 0
34 0
35 0
36 3
37 1860
38 1
39 0
40 0
41 4810
42 3802
43 0
44 0
45 0
46 6
47 0
48 0
49 0
50 0
51 0
52 0
53 0
54 0
55 0
56 0
57 3
58 932
59 0
60 0
61 0
62 1399
63 481
-1 -1
ID=7318349394647020 nb_comp=3
0 8130
1 1
2 0
3 0
4 33
5 25
6 0
7 0
8 0
9 0
10 0
11 0
12 0
13 0
14 0
15 0
16 2190
17 0
18 0
19 0
20 5176
21 2627
22 0
23 0
24 0
25 35
26 3
27 0
28 0
29 0
30 0
31 0
32 0
33 0
34 0
35 0
36 1924
37 3305
38 0
39 0
40 43
41 7661
42 2011
43 0
44 0
45 0
46 113
47 0
48 0
49 0
50 0
51 0
52 0
53 0
54 0
55 0
56 8
57 1147
58 1607
59 0
60 0
61 3
62 2978
63 980
-1 -1
ID=6473924464515048 nb_comp=3
0 8203
1 0
2 0
3 0
4 59
5 15
6 0
7 0
8 0
9 0
10 0
11 0
12 0
13 0
14 0
15 0
16 2160
17 0
18 0
19 0
20 4930
21 3038
22 0
23 0
24 0
25 105
26 10
27 0
28 0
29 0
30 0
31 0
32 0
33 0
34 0
35 0
36 1630
37 2689
38 0
39 0
40 75
41 8096
42 2373
43 0
44 0
45 0
46 93
47 4
48 0
49 0
50 0
51 0
52 0
53 0
54 0
55 0
56 36
57 822
58 1258
59 0
60 0
61 7
62 3309
63 1088
-1 -1
ID=7036874417936354 nb_comp=3
0 774
1 0
2 0
3 0
4 11
5 0
6 0
7 0
8 0
9 0
10 0
11 0
12 0
13 0
14 0
15 0
16 502
17 0
18 0
19 0
20 4907
21 6115
22 0
23 0
24 0
25 7
26 0
27 0
28 0
29 0
30 0
31 0
32 0
33 0
34 0
35 0
36 1
37 3111
38 0
39 0
40 0
41 15337
42 1876
43 0
44 0
45 0
46 0
47 0
48 0
49 0
50 0
51 0
52 0
53 0
54 0
55 0
56 0
57 599
58 4984
59 0
60 0
61 0
62 1776
63 0
-1 -1
ID=6755399441225453 nb_comp=3
0 1770
1 0
2 0
3 0
4 24
5 0
6 0
7 0
8 0
9 0
10 0
11 0
12 0
13 0
14 0
15 0
16 913
17 0
18 0
19 0
20 6335
21 4977
22 0
23 0
24 0
25 2
26 0
27 0
28 0
29 0
30 0
31 0
32 0
33 0
34 0
35 0
36 116
37 4056
38 0
39 0
40 1
41 18103
42 341
43 0
44 0
45 0
46 0
47 0
48 0
49 0
50 0
51 0
52 0
53 0
54 0
55 0
56 0
57 1795
58 1269
59 0
60 0
61 0
62 298
63 0
-1 -1
ID=7599824371357382 nb_comp=3
0 784
1 6803
2 0
3 0
4 20
5 15127
6 94
7 0
8 0
9 0
10 0
11 0
12 0
13 0
14 0
15 0
16 0
17 0
18 0
19 0
20 1
21 4775
22 906
23 0
24 0
25 100
26 2006
27 0
28 0
29 0
30 0
31 0
32 0
33 0
34 0
35 0
36 0
37 0
38 0
39 0
40 0
41 3
42 4111
43 28
44 0
45 0
46 502
47 443
48 0
49 0
50 0
51 0
52 0
53 0
54 0
55 0
56 0
57 0
58 0
59 0
60 0
61 0
62 110
63 4187
-1 -1
ID=5066549580961468 nb_comp=3
0 8283
1 370
2 0
3 0
4 41
5 698
6 1579
7 0
8 0
9 0
10 0
11 0
12 0
13 0
14 0
15 0
16 4
17 0
18 0
19 0
20 57
21 9328
22 1995
23 0
24 0
25 145
26 2925
27 0
28 0
29 0
30 0
31 0
32 0
33 0
34 0
35 0
36 0
37 49
38 0
39 0
40 0
41 483
42 10855
43 418
44 0
45 0
46 160
47 196
48 0
49 0
50 0
51 0
52 0
53 0
54 0
55 0
56 0
57 0
58 51
59 0
60 0
61 0
62 263
63 2100
-1 -1
ID=7881299348068026 nb_comp=3
0 4104
1 1104
2 0
3 0
4 44
5 1442
6 0
7 0
8 0
9 0
10 0
11 0
12 0
13 0
14 0
15 0
16 0
17 1
18 0
19 0
20 20
21 5416
22 323
23 0
24 0
25 159
26 1490
27 0
28 0
29 0
30 0
31 0
32 0
33 0
34 0
35 0
36 0
37 59
38 0
39 0
40 0
41 508
42 10754
43 238
44 0
45 0
46 339
47 1345
48 0
49 0
50 0
51 0
52 0
53 0
54 0
55 0
56 0
57 0
58 215
59 1
60 0
61 0
62 947
63 11491
-1 -1
ID=5629499534382771 nb_comp=3
0 13112
1 13
2 0
3 0
4 610
5 48
6 0
7 0
8 0
9 0
10 0
11 0
12 0
13 0
14 0
15 0
16 35
17 0
18 0
19 0
20 1860
21 8914
22 0
23 0
24 0
25 267
26 3
27 0
28 0
29 0
30 0
31 0
32 0
33 0
34 0
35 0
36 0
37 162
38 0
39 0
40 0
41 3784
42 6290
43 0
44 0
45 0
46 127
47 0
48 0
49 0
50 0
51 0
52 0
53 0
54 0
55 0
56 0
57 0
58 200
59 0
60 0
61 0
62 2884
63 1691
-1 -1
ID=5066549580961457 nb_comp=3
0 645
1 0
2 0
3 0
4 0
5 0
6 0
7 0
8 0
9 0
10 0
11 0
12 0
13 0
14 0
15 0
16 2241
17 6
18 0
19 0
20 3524
21 4653
22 0
23 0
24 0
25 0
26 0
27 0
28 0
29 0
30 0
31 0
32 0
33 0
34 0
35 0
36 494
37 9942
38 1
39 0
40 0
41 10192
42 959
43 0
44 0
45 0
46 0
47 0
48 0
49 0
50 0
51 0
52 0
53 0
54 0
55 0
56 0
57 2965
58 2776
59 0
60 0
61 7
62 1548
63 47
-1 -1
ID=5910974511093422 nb_comp=3
0 8418
1 0
2 0
3 0
4 43
5 0
6 0
7 0
8 0
9 0
10 0
11 0
12 0
13 0
14 0
15 0
16 591
17 0
18 0
19 0
20 8096
21 5260
22 0
23 0
24 0
25 59
26 0
27 0
28 0
29 0
30 0
31 0
32 0
33 0
34 0
35 0
36 785
37 2422
38 0
39 0
40 354
41 9472
42 1814
43 0
44 0
45 0
46 75
47 0
48 0
49 0
50 0
51 0
52 0
53 0
54 0
55 0
56 6
57 227
58 530
59 0
60 0
61 12
62 1006
63 830
-1 -1
ID=5348024557671933 nb_comp=3
0 1969
1 0
2 0
3 0
4 64
5 0
6 0
7 0
8 0
9 0
10 0
11 0
12 0
13 0
14 0
15 0
16 176
17 0
18 0
19 0
20 2391
21 5523
22 0
23 0
24 0
25 288
26 0
27 0
28 0
29 0
30 0
31 0
32 0
33 0
34 0
35 0
36 5
37 1221
38 0
39 0
40 0
41 13382
42 8066
43 0
44 0
45 0
46 247
47 1
48 0
49 0
50 0
51 0
52 0
53 0
54 0
55 0
56 0
57 159
58 2184
59 0
60 0
61 1
62 3828
63 495
-1 -1
